0.000000e+00 0.000000e+00
1.600000e-05 5.654718e-02
3.200000e-05 1.130854e-01
4.800000e-05 1.696058e-01
6.400000e-05 2.260994e-01
8.000000e-05 2.825573e-01
9.600000e-05 3.389706e-01
1.120000e-04 3.953304e-01
1.280000e-04 4.516277e-01
1.440000e-04 5.078537e-01
1.600000e-04 5.639996e-01
1.760000e-04 6.200563e-01
1.920000e-04 6.760152e-01
2.080000e-04 7.318672e-01
2.240000e-04 7.876038e-01
2.400000e-04 8.432159e-01
2.560000e-04 8.986949e-01
2.720000e-04 9.540320e-01
2.880000e-04 1.009218e+00
3.040000e-04 1.064245e+00
3.200000e-04 1.119104e+00
3.360000e-04 1.173787e+00
3.520000e-04 1.228284e+00
3.680000e-04 1.282587e+00
3.840000e-04 1.336687e+00
4.000000e-04 1.390576e+00
4.160000e-04 1.444246e+00
4.320000e-04 1.497688e+00
4.480000e-04 1.550893e+00
4.640000e-04 1.603853e+00
4.800000e-04 1.656560e+00
4.960000e-04 1.709006e+00
5.120000e-04 1.761182e+00
5.280000e-04 1.813079e+00
5.440000e-04 1.864690e+00
5.600000e-04 1.916007e+00
5.760000e-04 1.967021e+00
5.920000e-04 2.017724e+00
6.080000e-04 2.068109e+00
6.240000e-04 2.118168e+00
6.400000e-04 2.167892e+00
6.560000e-04 2.217273e+00
6.720000e-04 2.266304e+00
6.880000e-04 2.314978e+00
7.040000e-04 2.363286e+00
7.200000e-04 2.411221e+00
7.360000e-04 2.458775e+00
7.520000e-04 2.505940e+00
7.680000e-04 2.552710e+00
7.840000e-04 2.599077e+00
8.000000e-04 2.645034e+00
8.160000e-04 2.690572e+00
8.320000e-04 2.735686e+00
8.480000e-04 2.780368e+00
8.640000e-04 2.824611e+00
8.800000e-04 2.868408e+00
8.960000e-04 2.911752e+00
9.120000e-04 2.954636e+00
9.280000e-04 2.997053e+00
9.440000e-04 3.038998e+00
9.600000e-04 3.080462e+00
9.760000e-04 3.121440e+00
9.920000e-04 3.161925e+00
1.008000e-03 3.201911e+00
1.024000e-03 3.241391e+00
1.040000e-03 3.280359e+00
1.056000e-03 3.318809e+00
1.072000e-03 3.356735e+00
1.088000e-03 3.394131e+00
1.104000e-03 3.430991e+00
1.120000e-03 3.467310e+00
1.136000e-03 3.503080e+00
1.152000e-03 3.538298e+00
1.168000e-03 3.572957e+00
1.184000e-03 3.607051e+00
1.200000e-03 3.640576e+00
1.216000e-03 3.673527e+00
1.232000e-03 3.705897e+00
1.248000e-03 3.737682e+00
1.264000e-03 3.768876e+00
1.280000e-03 3.799476e+00
1.296000e-03 3.829475e+00
1.312000e-03 3.858870e+00
1.328000e-03 3.887655e+00
1.344000e-03 3.915827e+00
1.360000e-03 3.943380e+00
1.376000e-03 3.970311e+00
1.392000e-03 3.996614e+00
1.408000e-03 4.022286e+00
1.424000e-03 4.047324e+00
1.440000e-03 4.071722e+00
1.456000e-03 4.095477e+00
1.472000e-03 4.118585e+00
1.488000e-03 4.141043e+00
1.504000e-03 4.162847e+00
1.520000e-03 4.183994e+00
1.536000e-03 4.204480e+00
1.552000e-03 4.224302e+00
1.568000e-03 4.243457e+00
1.584000e-03 4.261942e+00
1.600000e-03 4.279754e+00
1.616000e-03 4.296890e+00
1.632000e-03 4.313348e+00
1.648000e-03 4.329125e+00
1.664000e-03 4.344217e+00
1.680000e-03 4.358624e+00
1.696000e-03 4.372343e+00
1.712000e-03 4.385371e+00
1.728000e-03 4.397707e+00
1.744000e-03 4.409348e+00
1.760000e-03 4.420293e+00
1.776000e-03 4.430540e+00
1.792000e-03 4.440087e+00
1.808000e-03 4.448933e+00
1.824000e-03 4.457076e+00
1.840000e-03 4.464516e+00
1.856000e-03 4.471251e+00
1.872000e-03 4.477280e+00
1.888000e-03 4.482601e+00
1.904000e-03 4.487215e+00
1.920000e-03 4.491120e+00
1.936000e-03 4.494316e+00
1.952000e-03 4.496803e+00
1.968000e-03 4.498579e+00
1.984000e-03 4.499645e+00
2.000000e-03 4.500000e+00
2.016000e-03 4.499645e+00
2.032000e-03 4.498579e+00
2.048000e-03 4.496803e+00
2.064000e-03 4.494316e+00
2.080000e-03 4.491120e+00
2.096000e-03 4.487215e+00
2.112000e-03 4.482601e+00
2.128000e-03 4.477280e+00
2.144000e-03 4.471251e+00
2.160000e-03 4.464516e+00
2.176000e-03 4.457076e+00
2.192000e-03 4.448933e+00
2.208000e-03 4.440087e+00
2.224000e-03 4.430540e+00
2.240000e-03 4.420293e+00
2.256000e-03 4.409348e+00
2.272000e-03 4.397707e+00
2.288000e-03 4.385371e+00
2.304000e-03 4.372343e+00
2.320000e-03 4.358624e+00
2.336000e-03 4.344217e+00
2.352000e-03 4.329125e+00
2.368000e-03 4.313348e+00
2.384000e-03 4.296890e+00
2.400000e-03 4.279754e+00
2.416000e-03 4.261942e+00
2.432000e-03 4.243457e+00
2.448000e-03 4.224302e+00
2.464000e-03 4.204480e+00
2.480000e-03 4.183994e+00
2.496000e-03 4.162847e+00
2.512000e-03 4.141043e+00
2.528000e-03 4.118585e+00
2.544000e-03 4.095477e+00
2.560000e-03 4.071722e+00
2.576000e-03 4.047324e+00
2.592000e-03 4.022286e+00
2.608000e-03 3.996614e+00
2.624000e-03 3.970311e+00
2.640000e-03 3.943380e+00
2.656000e-03 3.915827e+00
2.672000e-03 3.887655e+00
2.688000e-03 3.858870e+00
2.704000e-03 3.829475e+00
2.720000e-03 3.799476e+00
2.736000e-03 3.768876e+00
2.752000e-03 3.737682e+00
2.768000e-03 3.705897e+00
2.784000e-03 3.673527e+00
2.800000e-03 3.640576e+00
2.816000e-03 3.607051e+00
2.832000e-03 3.572957e+00
2.848000e-03 3.538298e+00
2.864000e-03 3.503080e+00
2.880000e-03 3.467310e+00
2.896000e-03 3.430991e+00
2.912000e-03 3.394131e+00
2.928000e-03 3.356735e+00
2.944000e-03 3.318809e+00
2.960000e-03 3.280359e+00
2.976000e-03 3.241391e+00
2.992000e-03 3.201911e+00
3.008000e-03 3.161925e+00
3.024000e-03 3.121440e+00
3.040000e-03 3.080462e+00
3.056000e-03 3.038998e+00
3.072000e-03 2.997053e+00
3.088000e-03 2.954636e+00
3.104000e-03 2.911752e+00
3.120000e-03 2.868408e+00
3.136000e-03 2.824611e+00
3.152000e-03 2.780368e+00
3.168000e-03 2.735686e+00
3.184000e-03 2.690572e+00
3.200000e-03 2.645034e+00
3.216000e-03 2.599077e+00
3.232000e-03 2.552710e+00
3.248000e-03 2.505940e+00
3.264000e-03 2.458775e+00
3.280000e-03 2.411221e+00
3.296000e-03 2.363286e+00
3.312000e-03 2.314978e+00
3.328000e-03 2.266304e+00
3.344000e-03 2.217273e+00
3.360000e-03 2.167892e+00
3.376000e-03 2.118168e+00
3.392000e-03 2.068109e+00
3.408000e-03 2.017724e+00
3.424000e-03 1.967021e+00
3.440000e-03 1.916007e+00
3.456000e-03 1.864690e+00
3.472000e-03 1.813079e+00
3.488000e-03 1.761182e+00
3.504000e-03 1.709006e+00
3.520000e-03 1.656560e+00
3.536000e-03 1.603853e+00
3.552000e-03 1.550893e+00
3.568000e-03 1.497688e+00
3.584000e-03 1.444246e+00
3.600000e-03 1.390576e+00
3.616000e-03 1.336687e+00
3.632000e-03 1.282587e+00
3.648000e-03 1.228284e+00
3.664000e-03 1.173787e+00
3.680000e-03 1.119104e+00
3.696000e-03 1.064245e+00
3.712000e-03 1.009218e+00
3.728000e-03 9.540320e-01
3.744000e-03 8.986949e-01
3.760000e-03 8.432159e-01
3.776000e-03 7.876038e-01
3.792000e-03 7.318672e-01
3.808000e-03 6.760152e-01
3.824000e-03 6.200563e-01
3.840000e-03 5.639996e-01
3.856000e-03 5.078537e-01
3.872000e-03 4.516277e-01
3.888000e-03 3.953304e-01
3.904000e-03 3.389706e-01
3.920000e-03 2.825573e-01
3.936000e-03 2.260994e-01
3.952000e-03 1.696058e-01
3.968000e-03 1.130854e-01
3.984000e-03 5.654718e-02
4.000000e-03 5.510729e-16
4.016000e-03 -5.654718e-02
4.032000e-03 -1.130854e-01
4.048000e-03 -1.696058e-01
4.064000e-03 -2.260994e-01
4.080000e-03 -2.825573e-01
4.096000e-03 -3.389706e-01
4.112000e-03 -3.953304e-01
4.128000e-03 -4.516277e-01
4.144000e-03 -5.078537e-01
4.160000e-03 -5.639996e-01
4.176000e-03 -6.200563e-01
4.192000e-03 -6.760152e-01
4.208000e-03 -7.318672e-01
4.224000e-03 -7.876038e-01
4.240000e-03 -8.432159e-01
4.256000e-03 -8.986949e-01
4.272000e-03 -9.540320e-01
4.288000e-03 -1.009218e+00
4.304000e-03 -1.064245e+00
4.320000e-03 -1.119104e+00
4.336000e-03 -1.173787e+00
4.352000e-03 -1.228284e+00
4.368000e-03 -1.282587e+00
4.384000e-03 -1.336687e+00
4.400000e-03 -1.390576e+00
4.416000e-03 -1.444246e+00
4.432000e-03 -1.497688e+00
4.448000e-03 -1.550893e+00
4.464000e-03 -1.603853e+00
4.480000e-03 -1.656560e+00
4.496000e-03 -1.709006e+00
4.512000e-03 -1.761182e+00
4.528000e-03 -1.813079e+00
4.544000e-03 -1.864690e+00
4.560000e-03 -1.916007e+00
4.576000e-03 -1.967021e+00
4.592000e-03 -2.017724e+00
4.608000e-03 -2.068109e+00
4.624000e-03 -2.118168e+00
4.640000e-03 -2.167892e+00
4.656000e-03 -2.217273e+00
4.672000e-03 -2.266304e+00
4.688000e-03 -2.314978e+00
4.704000e-03 -2.363286e+00
4.720000e-03 -2.411221e+00
4.736000e-03 -2.458775e+00
4.752000e-03 -2.505940e+00
4.768000e-03 -2.552710e+00
4.784000e-03 -2.599077e+00
4.800000e-03 -2.645034e+00
4.816000e-03 -2.690572e+00
4.832000e-03 -2.735686e+00
4.848000e-03 -2.780368e+00
4.864000e-03 -2.824611e+00
4.880000e-03 -2.868408e+00
4.896000e-03 -2.911752e+00
4.912000e-03 -2.954636e+00
4.928000e-03 -2.997053e+00
4.944000e-03 -3.038998e+00
4.960000e-03 -3.080462e+00
4.976000e-03 -3.121440e+00
4.992000e-03 -3.161925e+00
5.008000e-03 -3.201911e+00
5.024000e-03 -3.241391e+00
5.040000e-03 -3.280359e+00
5.056000e-03 -3.318809e+00
5.072000e-03 -3.356735e+00
5.088000e-03 -3.394131e+00
5.104000e-03 -3.430991e+00
5.120000e-03 -3.467310e+00
5.136000e-03 -3.503080e+00
5.152000e-03 -3.538298e+00
5.168000e-03 -3.572957e+00
5.184000e-03 -3.607051e+00
5.200000e-03 -3.640576e+00
5.216000e-03 -3.673527e+00
5.232000e-03 -3.705897e+00
5.248000e-03 -3.737682e+00
5.264000e-03 -3.768876e+00
5.280000e-03 -3.799476e+00
5.296000e-03 -3.829475e+00
5.312000e-03 -3.858870e+00
5.328000e-03 -3.887655e+00
5.344000e-03 -3.915827e+00
5.360000e-03 -3.943380e+00
5.376000e-03 -3.970311e+00
5.392000e-03 -3.996614e+00
5.408000e-03 -4.022286e+00
5.424000e-03 -4.047324e+00
5.440000e-03 -4.071722e+00
5.456000e-03 -4.095477e+00
5.472000e-03 -4.118585e+00
5.488000e-03 -4.141043e+00
5.504000e-03 -4.162847e+00
5.520000e-03 -4.183994e+00
5.536000e-03 -4.204480e+00
5.552000e-03 -4.224302e+00
5.568000e-03 -4.243457e+00
5.584000e-03 -4.261942e+00
5.600000e-03 -4.279754e+00
5.616000e-03 -4.296890e+00
5.632000e-03 -4.313348e+00
5.648000e-03 -4.329125e+00
5.664000e-03 -4.344217e+00
5.680000e-03 -4.358624e+00
5.696000e-03 -4.372343e+00
5.712000e-03 -4.385371e+00
5.728000e-03 -4.397707e+00
5.744000e-03 -4.409348e+00
5.760000e-03 -4.420293e+00
5.776000e-03 -4.430540e+00
5.792000e-03 -4.440087e+00
5.808000e-03 -4.448933e+00
5.824000e-03 -4.457076e+00
5.840000e-03 -4.464516e+00
5.856000e-03 -4.471251e+00
5.872000e-03 -4.477280e+00
5.888000e-03 -4.482601e+00
5.904000e-03 -4.487215e+00
5.920000e-03 -4.491120e+00
5.936000e-03 -4.494316e+00
5.952000e-03 -4.496803e+00
5.968000e-03 -4.498579e+00
5.984000e-03 -4.499645e+00
6.000000e-03 -4.500000e+00
6.016000e-03 -4.499645e+00
6.032000e-03 -4.498579e+00
6.048000e-03 -4.496803e+00
6.064000e-03 -4.494316e+00
6.080000e-03 -4.491120e+00
6.096000e-03 -4.487215e+00
6.112000e-03 -4.482601e+00
6.128000e-03 -4.477280e+00
6.144000e-03 -4.471251e+00
6.160000e-03 -4.464516e+00
6.176000e-03 -4.457076e+00
6.192000e-03 -4.448933e+00
6.208000e-03 -4.440087e+00
6.224000e-03 -4.430540e+00
6.240000e-03 -4.420293e+00
6.256000e-03 -4.409348e+00
6.272000e-03 -4.397707e+00
6.288000e-03 -4.385371e+00
6.304000e-03 -4.372343e+00
6.320000e-03 -4.358624e+00
6.336000e-03 -4.344217e+00
6.352000e-03 -4.329125e+00
6.368000e-03 -4.313348e+00
6.384000e-03 -4.296890e+00
6.400000e-03 -4.279754e+00
6.416000e-03 -4.261942e+00
6.432000e-03 -4.243457e+00
6.448000e-03 -4.224302e+00
6.464000e-03 -4.204480e+00
6.480000e-03 -4.183994e+00
6.496000e-03 -4.162847e+00
6.512000e-03 -4.141043e+00
6.528000e-03 -4.118585e+00
6.544000e-03 -4.095477e+00
6.560000e-03 -4.071722e+00
6.576000e-03 -4.047324e+00
6.592000e-03 -4.022286e+00
6.608000e-03 -3.996614e+00
6.624000e-03 -3.970311e+00
6.640000e-03 -3.943380e+00
6.656000e-03 -3.915827e+00
6.672000e-03 -3.887655e+00
6.688000e-03 -3.858870e+00
6.704000e-03 -3.829475e+00
6.720000e-03 -3.799476e+00
6.736000e-03 -3.768876e+00
6.752000e-03 -3.737682e+00
6.768000e-03 -3.705897e+00
6.784000e-03 -3.673527e+00
6.800000e-03 -3.640576e+00
6.816000e-03 -3.607051e+00
6.832000e-03 -3.572957e+00
6.848000e-03 -3.538298e+00
6.864000e-03 -3.503080e+00
6.880000e-03 -3.467310e+00
6.896000e-03 -3.430991e+00
6.912000e-03 -3.394131e+00
6.928000e-03 -3.356735e+00
6.944000e-03 -3.318809e+00
6.960000e-03 -3.280359e+00
6.976000e-03 -3.241391e+00
6.992000e-03 -3.201911e+00
7.008000e-03 -3.161925e+00
7.024000e-03 -3.121440e+00
7.040000e-03 -3.080462e+00
7.056000e-03 -3.038998e+00
7.072000e-03 -2.997053e+00
7.088000e-03 -2.954636e+00
7.104000e-03 -2.911752e+00
7.120000e-03 -2.868408e+00
7.136000e-03 -2.824611e+00
7.152000e-03 -2.780368e+00
7.168000e-03 -2.735686e+00
7.184000e-03 -2.690572e+00
7.200000e-03 -2.645034e+00
7.216000e-03 -2.599077e+00
7.232000e-03 -2.552710e+00
7.248000e-03 -2.505940e+00
7.264000e-03 -2.458775e+00
7.280000e-03 -2.411221e+00
7.296000e-03 -2.363286e+00
7.312000e-03 -2.314978e+00
7.328000e-03 -2.266304e+00
7.344000e-03 -2.217273e+00
7.360000e-03 -2.167892e+00
7.376000e-03 -2.118168e+00
7.392000e-03 -2.068109e+00
7.408000e-03 -2.017724e+00
7.424000e-03 -1.967021e+00
7.440000e-03 -1.916007e+00
7.456000e-03 -1.864690e+00
7.472000e-03 -1.813079e+00
7.488000e-03 -1.761182e+00
7.504000e-03 -1.709006e+00
7.520000e-03 -1.656560e+00
7.536000e-03 -1.603853e+00
7.552000e-03 -1.550893e+00
7.568000e-03 -1.497688e+00
7.584000e-03 -1.444246e+00
7.600000e-03 -1.390576e+00
7.616000e-03 -1.336687e+00
7.632000e-03 -1.282587e+00
7.648000e-03 -1.228284e+00
7.664000e-03 -1.173787e+00
7.680000e-03 -1.119104e+00
7.696000e-03 -1.064245e+00
7.712000e-03 -1.009218e+00
7.728000e-03 -9.540320e-01
7.744000e-03 -8.986949e-01
7.760000e-03 -8.432159e-01
7.776000e-03 -7.876038e-01
7.792000e-03 -7.318672e-01
7.808000e-03 -6.760152e-01
7.824000e-03 -6.200563e-01
7.840000e-03 -5.639996e-01
7.856000e-03 -5.078537e-01
7.872000e-03 -4.516277e-01
7.888000e-03 -3.953304e-01
7.904000e-03 -3.389706e-01
7.920000e-03 -2.825573e-01
7.936000e-03 -2.260994e-01
7.952000e-03 -1.696058e-01
7.968000e-03 -1.130854e-01
7.984000e-03 -5.654718e-02
8.000000e-03 -1.102146e-15
8.016000e-03 5.654718e-02
8.032000e-03 1.130854e-01
8.048000e-03 1.696058e-01
8.064000e-03 2.260994e-01
8.080000e-03 2.825573e-01
8.096000e-03 3.389706e-01
8.112000e-03 3.953304e-01
8.128000e-03 4.516277e-01
8.144000e-03 5.078537e-01
8.160000e-03 5.639996e-01
8.176000e-03 6.200563e-01
8.192000e-03 6.760152e-01
8.208000e-03 7.318672e-01
8.224000e-03 7.876038e-01
8.240000e-03 8.432159e-01
8.256000e-03 8.986949e-01
8.272000e-03 9.540320e-01
8.288000e-03 1.009218e+00
8.304000e-03 1.064245e+00
8.320000e-03 1.119104e+00
8.336000e-03 1.173787e+00
8.352000e-03 1.228284e+00
8.368000e-03 1.282587e+00
8.384000e-03 1.336687e+00
8.400000e-03 1.390576e+00
8.416000e-03 1.444246e+00
8.432000e-03 1.497688e+00
8.448000e-03 1.550893e+00
8.464000e-03 1.603853e+00
8.480000e-03 1.656560e+00
8.496000e-03 1.709006e+00
8.512000e-03 1.761182e+00
8.528000e-03 1.813079e+00
8.544000e-03 1.864690e+00
8.560000e-03 1.916007e+00
8.576000e-03 1.967021e+00
8.592000e-03 2.017724e+00
8.608000e-03 2.068109e+00
8.624000e-03 2.118168e+00
8.640000e-03 2.167892e+00
8.656000e-03 2.217273e+00
8.672000e-03 2.266304e+00
8.688000e-03 2.314978e+00
8.704000e-03 2.363286e+00
8.720000e-03 2.411221e+00
8.736000e-03 2.458775e+00
8.752000e-03 2.505940e+00
8.768000e-03 2.552710e+00
8.784000e-03 2.599077e+00
8.800000e-03 2.645034e+00
8.816000e-03 2.690572e+00
8.832000e-03 2.735686e+00
8.848000e-03 2.780368e+00
8.864000e-03 2.824611e+00
8.880000e-03 2.868408e+00
8.896000e-03 2.911752e+00
8.912000e-03 2.954636e+00
8.928000e-03 2.997053e+00
8.944000e-03 3.038998e+00
8.960000e-03 3.080462e+00
8.976000e-03 3.121440e+00
8.992000e-03 3.161925e+00
9.008000e-03 3.201911e+00
9.024000e-03 3.241391e+00
9.040000e-03 3.280359e+00
9.056000e-03 3.318809e+00
9.072000e-03 3.356735e+00
9.088000e-03 3.394131e+00
9.104000e-03 3.430991e+00
9.120000e-03 3.467310e+00
9.136000e-03 3.503080e+00
9.152000e-03 3.538298e+00
9.168000e-03 3.572957e+00
9.184000e-03 3.607051e+00
9.200000e-03 3.640576e+00
9.216000e-03 3.673527e+00
9.232000e-03 3.705897e+00
9.248000e-03 3.737682e+00
9.264000e-03 3.768876e+00
9.280000e-03 3.799476e+00
9.296000e-03 3.829475e+00
9.312000e-03 3.858870e+00
9.328000e-03 3.887655e+00
9.344000e-03 3.915827e+00
9.360000e-03 3.943380e+00
9.376000e-03 3.970311e+00
9.392000e-03 3.996614e+00
9.408000e-03 4.022286e+00
9.424000e-03 4.047324e+00
9.440000e-03 4.071722e+00
9.456000e-03 4.095477e+00
9.472000e-03 4.118585e+00
9.488000e-03 4.141043e+00
9.504000e-03 4.162847e+00
9.520000e-03 4.183994e+00
9.536000e-03 4.204480e+00
9.552000e-03 4.224302e+00
9.568000e-03 4.243457e+00
9.584000e-03 4.261942e+00
9.600000e-03 4.279754e+00
9.616000e-03 4.296890e+00
9.632000e-03 4.313348e+00
9.648000e-03 4.329125e+00
9.664000e-03 4.344217e+00
9.680000e-03 4.358624e+00
9.696000e-03 4.372343e+00
9.712000e-03 4.385371e+00
9.728000e-03 4.397707e+00
9.744000e-03 4.409348e+00
9.760000e-03 4.420293e+00
9.776000e-03 4.430540e+00
9.792000e-03 4.440087e+00
9.808000e-03 4.448933e+00
9.824000e-03 4.457076e+00
9.840000e-03 4.464516e+00
9.856000e-03 4.471251e+00
9.872000e-03 4.477280e+00
9.888000e-03 4.482601e+00
9.904000e-03 4.487215e+00
9.920000e-03 4.491120e+00
9.936000e-03 4.494316e+00
9.952000e-03 4.496803e+00
9.968000e-03 4.498579e+00
9.984000e-03 4.499645e+00
1.000000e-02 0.000000e+00